1 245
2 798
3 209
4 516
5 265
6 242
7 210
8 550
9 279
10 805
11 947
12 127
13 203
14 613
15 696
16 814
17 363
18 202
19 386
20 698
21 610
22 545
23 561
24 989
25 347
26 1053
27 311
28 419
29 164
30 190
31 480
32 398
33 962
34 244
35 697
36 470
37 964
38 299
39 772
40 213
41 754
42 415
43 779
44 354
45 540
46 548
47 721
48 534
49 167
50 826
51 998
52 876
53 1010
54 350
55 1047
56 202
57 792
58 828
59 417
60 524
61 502
62 989
63 232
64 237
65 1086
66 912
67 465
68 230
69 293
70 116
71 699
72 1009
73 1080
74 495
75 1090
76 802
77 291
78 950
79 1038
80 535
81 872
82 913
83 691
84 499
85 794
86 726
87 777
88 531
89 937
90 290
91 401
92 520
93 672
94 223
95 407
96 1091
97 534
98 241
99 597
100 409
101 389
102 435
103 634
104 124
105 759
106 584
107 702
108 624
109 521
110 697
111 1086
112 934
113 1009
114 520
115 663
116 777
117 685
118 832
119 943
120 562
121 909
122 963
123 669
124 303
125 1034
126 147
127 217
128 779
129 984
130 956
131 976
132 556
133 734
134 326
135 648
136 850
137 600
138 377
139 941
140 588
141 1073
142 553
143 448
144 452
145 976
146 369
147 588
148 115
149 127
150 423
151 359
152 380
153 287
154 182
155 334
156 426
157 130
158 454
159 741
160 907
161 157
162 382
163 699
164 232
165 965
166 282
167 688
168 940
169 1062
170 600
171 111
172 723
173 433
174 835
175 360
176 343
177 443
178 278
179 151
180 316
181 213
182 1065
183 1030
184 1060
185 554
186 1092
187 826
188 867
189 671
190 1055
191 560
192 917
193 333
194 1006
195 739
196 345
197 928
198 562
199 275
200 222
201 834
202 133
203 229
204 213
205 851
206 309
207 465
208 561
209 1000
210 856
211 843
212 1034
213 869
214 608
215 977
216 400
217 818
218 902
219 740
220 1049
221 785
222 116
223 635
224 386
225 136
226 292
227 865
228 722
229 984
230 786
231 448
232 461
233 680
234 386
235 993
236 532
237 705
238 356
239 828
240 190
241 1055
242 440
243 999
244 480
245 280
246 907
247 307
248 906
249 767
250 383
251 939
252 1099
253 507
254 333
255 449
256 568
257 547
258 744
259 802
260 945
261 565
262 783
263 961
264 463
265 518
266 929
267 1020
268 842
269 123
270 376
271 194
272 110
273 985
274 280
275 1090
276 373
277 574
278 784
279 534
280 1026
281 886
282 621
283 908
284 371
285 525
286 473
287 384
288 201
289 188
290 221
291 649
292 423
293 977
294 679
295 730
296 440
297 763
298 365
299 313
300 632
301 851
302 444
303 492
304 923
305 535
306 981
307 260
308 148
309 754
310 259
311 149
312 638
313 915
314 1018
315 354
316 212
317 169
318 147
319 358
320 547
321 839
322 498
323 544
324 728
325 461
326 249
327 529
328 621
329 911
330 456
331 997
332 609
333 366
334 219
335 598
336 127
337 467
338 193
339 118
340 407
341 873
342 1009
343 445
344 787
345 565
346 540
347 1061
348 976
349 660
350 851
351 706
352 693
353 218
354 1080
355 577
356 169
357 495
358 507
359 936
360 109
361 376
362 500
363 292
364 839
365 252
366 101
367 344
368 536
369 459
370 543
371 778
372 624
373 470
374 1095
375 584
376 663
377 475
378 223
379 994
380 290
381 598
382 241
383 321
384 1098
385 1003
386 267
387 957
388 625
389 349
390 553
391 529
392 994
393 576
394 957
395 742
396 143
397 813
398 637
399 773
400 954
401 256
402 831
403 148
404 101
405 249
406 930
407 922
408 844
409 428
410 920
411 645
412 575
413 707
414 669
415 1026
416 394
417 105
418 466
419 428
420 619
421 892
422 665
423 332
424 713
425 274
426 323
427 691
428 733
429 942
430 181
431 653
432 100
433 1069
434 463
435 472
436 167
437 1011
438 496
439 577
440 778
441 812
442 301
443 644
444 810
445 828
446 967
447 220
448 428
449 196
450 755
451 930
452 654
453 649
454 648
455 513
456 658
457 160
458 257
459 1015
460 106
461 239
462 797
463 231
464 778
465 223
466 143
467 117
468 640
469 829
470 817
471 252
472 519
473 329
474 110
475 603
476 547
477 164
478 472
479 754
480 567
481 481
482 697
483 518
484 785
485 103
486 425
487 330
488 1039
489 692
490 961
491 1094
492 187
493 382
494 420
495 246
496 299
497 1058
498 808
499 616
500 523
501 486
502 677
503 308
504 711
505 963
506 660
507 228
508 180
509 771
510 318
511 1066
512 237
513 720
514 403
515 526
516 454
517 257
518 884
519 324
520 996
521 178
522 798
523 1040
524 719
525 741
526 262
527 182
528 159
529 1076
530 820
531 956
532 964
533 152
534 590
535 1080
536 825
537 183
538 587
539 661
540 460
541 301
542 960
543 567
544 730
545 509
546 844
547 979
548 564
549 431
550 970
551 771
552 952
553 119
554 174
555 181
556 905
557 248
558 468
559 786
560 957
561 346
562 402
563 121
564 456
565 316
566 1021
567 456
568 644
569 416
570 849
571 1092
572 265
573 995
574 959
575 274
576 247
577 798
578 417
579 265
580 814
581 324
582 1034
583 372
584 232
585 791
586 665
587 781
588 297
589 516
590 1026
591 815
592 568
593 144
594 328
595 876
596 295
597 964
598 854
599 689
600 998
601 748
602 978
603 606
604 611
605 930
606 1018
607 693
608 195
609 670
610 758
611 1041
612 271
613 320
614 423
615 205
616 919
617 1084
618 386
619 1021
620 945
621 207
622 920
623 1056
624 568
625 864
626 860
627 816
628 280
629 1013
630 112
631 479
632 750
633 894
634 582
635 286
636 923
637 507
638 257
639 953
640 737
641 363
642 805
643 406
644 205
645 1038
646 329
647 916
648 963
649 589
650 623
651 226
652 778
653 648
654 542
655 577
656 909
657 157
658 940
659 646
660 671
661 988
662 927
663 283
664 1029
665 406
666 1096
667 569
668 550
669 198
670 753
671 189
672 591
673 543
674 108
675 311
676 166
677 145
678 880
679 171
680 546
681 934
682 708
683 343
684 256
685 702
686 347
687 239
688 834
689 337
690 622
691 730
692 389
693 958
694 760
695 896
696 720
697 134
698 779
699 844
700 533
701 535
702 314
703 178
704 1073
705 833
706 401
707 227
708 313
709 403
710 487
711 347
712 689
713 372
714 145
715 668
716 254
717 883
718 757
719 457
720 1059
721 1027
722 767
723 874
724 475
725 712
726 872
727 267
728 195
729 943
730 971
731 308
732 618
733 357
734 518
735 222
736 400
737 583
738 405
739 1058
740 992
741 985
742 440
743 481
744 110
745 617
746 982
747 823
748 208
749 730
750 326
751 202
752 189
753 1061
754 977
755 371
756 790
757 189
758 1040
759 569
760 299
761 670
762 589
763 1066
764 527
765 304
766 994
767 281
768 236
769 896
770 901
771 308
772 567
773 1022
774 747
775 467
776 341
777 932
778 442
779 985
780 504
781 416
782 140
783 267
784 394
785 631
786 787
787 289
788 970
789 166
790 531
791 526
792 589
793 335
794 881
795 486
796 472
797 556
798 950
799 355
800 488
801 903
802 1037
803 493
804 498
805 413
806 236
807 500
808 1084
809 464
810 799
811 363
812 122
813 626
814 476
815 772
816 333
817 688
818 101
819 1011
820 631
821 177
822 319
823 981
824 813
825 610
826 424
827 799
828 923
829 827
830 961
831 123
832 358
833 288
834 895
835 810
836 672
837 878
838 895
839 773
840 820
841 833
842 500
843 924
844 524
845 668
846 712
847 922
848 323
849 590
850 880
851 1024
852 823
853 707
854 554
855 714
856 653
857 523
858 381
859 953
860 622
861 612
862 997
863 821
864 636
865 1060
866 301
867 1049
868 978
869 268
870 468
871 426
872 673
873 968
874 542
875 373
876 801
877 845
878 482
879 1021
880 766
881 1005
882 1084
883 963
884 736
885 609
886 285
887 520
888 702
889 424
890 993
891 716
892 853
893 677
894 706
895 382
896 252
897 580
898 894
899 758
900 141
901 116
902 301
903 736
904 519
905 193
906 102
907 379
908 1059
909 1070
910 1083
911 723
912 817
913 1054
914 856
915 895
916 647
917 797
918 427
919 525
920 707
921 197
922 337
923 1028
924 956
925 800
926 949
927 812
928 1071
929 831
930 432
931 662
932 797
933 444
934 434
935 571
936 346
937 566
938 408
939 1053
940 1065
941 738
942 133
943 547
944 313
945 717
946 963
947 864
948 134
949 169
950 983
951 760
952 1051
953 720
954 327
955 603
956 1097
957 771
958 577
959 831
960 941
961 950
962 364
963 321
964 826
965 822
966 948
967 1081
968 863
969 464
970 869
971 675
972 134
973 842
974 478
975 634
976 942
977 478
978 486
979 681
980 522
981 789
982 511
983 981
984 485
985 579
986 958
987 781
988 278
989 628
990 471
991 752
992 994
993 995
994 636
995 1054
996 926
997 667
998 559
999 647
